         1  29
         2  29
         3  28
         4  28
         7  27
         8  27
        14  26
        15  26
        29  25
        30  25
        59  24
        60  24
       119  23
       120  23
       238  22
       239  22
       476  21
       477  21
       953  20
       954  20
      1907  19
      1908  19
      3814  18
      3815  18
      7629  17
      7630  17
     15258  16
     15259  16
     30517  15
     30518  15
     61035  14
     61036  14
    122070  13
    122071  13
    244140  12
    244141  12
    488281  11
    488282  11
    976562  10
    976563  10
   1953125   9
   3906250   8
   7812500   7
  15625000   6
  31250000   5
  62500000   4
 125000000   3
 250000000   2
 500000000   1
1000000000   0
